##### Best #####
	Value: 11498
	Time: 313.246546984
##### FirstBest #####
	Mean: 11522
	Max: 11529
	Min: 11498
	AvgTime: 115.457516241
	Desv: 12.4257796536
##### 70% #####
	Mean: 11525
	Max: 11529
	Min: 11513
	AvgTime: 110.586047411
	Desv: 6.44980619864
##### CompetitiveTabu #####
	Mean: 11526
	Max: 11528
	Min: 11523
	AvgTime: 202.77019043
	Desv: 2.04939015319
