##### Best #####
	Value: 11556
	Time: 276.081353188
##### FirstBest #####
	Mean: 11556
	Max: 11563
	Min: 11550
	AvgTime: 134.367128754
	Desv: 5.47722557505
##### 70% #####
	Mean: 11557
	Max: 11563
	Min: 11550
	AvgTime: 103.980244446
	Desv: 5.0199601592
##### CompetitiveTabu #####
	Mean: 11558
	Max: 11565
	Min: 11554
	AvgTime: 220.055517244
	Desv: 4.53872228716
