##### Best #####
	Value: 3096
	Time: 544.976038218
##### FirstBest #####
	Mean: 3198
	Max: 3225
	Min: 3096
	AvgTime: 242.81171279
	Desv: 51.0215640685
##### 70% #####
	Mean: 3201
	Max: 3226
	Min: 3110
	AvgTime: 216.781615591
	Desv: 45.5324060423
##### CompetitiveTabu #####
	Mean: 3221
	Max: 3225
	Min: 3215
	AvgTime: 521.894650793
	Desv: 3.7148351242
