##### Best #####
	Value: 1344
	Time: 625.343464851
##### FirstBest #####
	Mean: 1354
	Max: 1356
	Min: 1352
	AvgTime: 244.538412619
	Desv: 1.788854382
##### 70% #####
	Mean: 1355
	Max: 1356
	Min: 1354
	AvgTime: 167.328097057
	Desv: 1.0
##### CompetitiveTabu #####
	Mean: 1355
	Max: 1356
	Min: 1354
	AvgTime: 29.8466118336
	Desv: 1.0
