##### Best #####
    Value: 6583
    Time: 101.463145971
##### FirstBest #####
    Mean: 6613
    Max: 6623
    Min: 6583
    AvgTime: 43.5915966034
    Desv: 15.1591556493
##### 70% #####
    Mean: 6613
    Max: 6623
    Min: 6583
    AvgTime: 38.274459362
    Desv: 15.3687995628
##### CompetitiveTabu #####
    Mean: 6620
    Max: 6623
    Min: 6617
    AvgTime: 64.6772516727
    Desv: 2.2803508502