##### Best #####
	Value: 6000
	Time: 286.04777503
##### FirstBest #####
	Mean: 6000
	Max: 6000
	Min: 6000
	AvgTime: 219.021175575
	Desv: 0.0
##### 70% #####
	Mean: 6000
	Max: 6000
	Min: 6000
	AvgTime: 196.47825036
	Desv: 0.0
##### CompetitiveTabu #####
	Mean: 6000
	Max: 6000
	Min: 6000
	AvgTime: 162.653918695
	Desv: 0.0
