##### Best #####
	Value: 5880
	Time: 290.070055008
##### FirstBest #####
	Mean: 5876
	Max: 5880
	Min: 5872
	AvgTime: 372.576415157
	Desv: 3.22490309932
##### 70% #####
	Mean: 5876
	Max: 5880
	Min: 5874
	AvgTime: 157.235127592
	Desv: 2.82842712475
##### CompetitiveTabu #####
	Mean: 5876
	Max: 5880
	Min: 5872
	AvgTime: 193.962384653
	Desv: 3.34664010614
