##### Best #####
    Value: 3778
    Time: 60.0100040436
##### FirstBest #####
    Mean: 3819
    Max: 3830
    Min: 3780
    AvgTime: 50.5020720005
    Desv: 19.7078664497
##### 70% #####
    Mean: 3819
    Max: 3830
    Min: 3780
    AvgTime: 30.7297094345
    Desv: 19.7078664497
##### CompetitiveTabu #####
    Mean: 3829
    Max: 3830
    Min: 3829
    AvgTime: 69.7950072289
    Desv: 0.894427191