##### Best #####
	Value: 2081
	Time: 367.652838945
##### FirstBest #####
	Mean: 2136
	Max: 2151
	Min: 2081
	AvgTime: 150.66646862
	Desv: 27.8172608285
##### 70% #####
	Mean: 2139
	Max: 2151
	Min: 2094
	AvgTime: 101.931143379
	Desv: 22.6141548593
##### CompetitiveTabu #####
	Mean: 2148
	Max: 2150
	Min: 2146
	AvgTime: 180.820808411
	Desv: 1.54919333848
