##### Best #####
	Value: 556
	Time: 137.493581057
##### FirstBest #####
	Mean: 558
	Max: 560
	Min: 556
	AvgTime: 57.5727403164
	Desv: 1.26491106407
##### 70% #####
	Mean: 558
	Max: 560
	Min: 556
	AvgTime: 35.185883975
	Desv: 1.26491106407
##### CompetitiveTabu #####
	Mean: 558
	Max: 560
	Min: 558
	AvgTime: 12.5184953213
	Desv: 1.26491106407
