##### Best #####
	Value: 550
	Time: 187.897242069
##### FirstBest #####
	Mean: 551
	Max: 552
	Min: 550
	AvgTime: 47.5218748093
	Desv: 1.0
##### 70% #####
	Mean: 551
	Max: 552
	Min: 550
	AvgTime: 26.3479140282
	Desv: 1.0
##### CompetitiveTabu #####
	Mean: 551
	Max: 552
	Min: 550
	AvgTime: 12.4671961069
	Desv: 1.0
