##### Best #####
	Value: 570
	Time: 131.752820015
##### FirstBest #####
	Mean: 570
	Max: 570
	Min: 570
	AvgTime: 53.9097985744
	Desv: 0.0
##### 70% #####
	Mean: 570
	Max: 570
	Min: 570
	AvgTime: 35.877696991
	Desv: 0.0
##### CompetitiveTabu #####
	Mean: 570
	Max: 570
	Min: 570
	AvgTime: 9.1036090374
	Desv: 0.0