##### Best #####
	Value: 3011
	Time: 108.964672089
##### FirstBest #####
	Mean: 3048
	Max: 3054
	Min: 3011
	AvgTime: 59.6504338741
	Desv: 12.521980674
##### 70% #####
	Mean: 3048
	Max: 3054
	Min: 3011
	AvgTime: 36.2450379848
	Desv: 12.521980674
##### CompetitiveTabu #####
	Mean: 3053
	Max: 3054
	Min: 3052
	AvgTime: 65.3330126762
	Desv: 0.774596669241
