##### Best #####
	Value: 2989
	Time: 107.632784843
##### FirstBest #####
	Mean: 3015
	Max: 3025
	Min: 2989
	AvgTime: 59.6970792532
	Desv: 9.88433103452
##### 70% #####
	Mean: 3016
	Max: 3025
	Min: 2990
	AvgTime: 46.9272649765
	Desv: 9.5707888912
##### CompetitiveTabu #####
	Mean: 3019
	Max: 3025
	Min: 3015
	AvgTime: 79.4575504065
	Desv: 3.72827037646
