##### Best #####
	Value: 843
	Time: 75.1846690178
##### FirstBest #####
	Mean: 877
	Max: 882
	Min: 843
	AvgTime: 56.1279572725
	Desv: 11.5021737076
##### 70% #####
	Mean: 877
	Max: 882
	Min: 843
	AvgTime: 39.7227653027
	Desv: 11.5021737076
##### CompetitiveTabu #####
	Mean: 881
	Max: 882
	Min: 879
	AvgTime: 61.7484236479
	Desv: 1.1401754251
