##### Best #####
	Value: 13116
	Time: 405.86839509
##### FirstBest #####
	Mean: 13170
	Max: 13187
	Min: 13116
	AvgTime: 231.80167079
	Desv: 27.1698362159
##### 70% #####
	Mean: 13183
	Max: 13189
	Min: 13179
	AvgTime: 345.071485376
	Desv: 3.7947331922
##### CompetitiveTabu #####
	Mean: 13188
	Max: 13210
	Min: 13179
	AvgTime: 321.729338551
	Desv: 11.313708499
