##### Best #####
	Value: 13168
	Time: 275.267718077
##### FirstBest #####
	Mean: 13270
	Max: 13302
	Min: 13173
	AvgTime: 240.941185617
	Desv: 49.6427235353
##### 70% #####
	Mean: 13283
	Max: 13304
	Min: 13231
	AvgTime: 278.125001192
	Desv: 27.5172673062
##### CompetitiveTabu #####
	Mean: 13296
	Max: 13304
	Min: 13279
	AvgTime: 533.403290606
	Desv: 9.02219485491
