##### Best #####
	Value: 11518
	Time: 385.62790513
##### FirstBest #####
	Mean: 11549
	Max: 11558
	Min: 11518
	AvgTime: 118.362804747
	Desv: 15.7225952056
##### 70% #####
	Mean: 11549
	Max: 11559
	Min: 11518
	AvgTime: 122.291920614
	Desv: 15.9499216299
##### CompetitiveTabu #####
	Mean: 11558
	Max: 11574
	Min: 11550
	AvgTime: 196.436771822
	Desv: 8.30662386292
