##### Best #####
	Value: 1362
	Time: 1318.79230213
##### FirstBest #####
	Mean: 1370
	Max: 1372
	Min: 1362
	AvgTime: 188.06812129
	Desv: 4.0
##### 70% #####
	Mean: 1371
	Max: 1372
	Min: 1370
	AvgTime: 167.743051434
	Desv: 1.0
##### CompetitiveTabu #####
	Mean: 1372
	Max: 1372
	Min: 1372
	AvgTime: 29.674638176
	Desv: 0.0
