##### Best #####
    Value: 6564
    Time: 70.7766280174
##### FirstBest #####
    Mean: 6629
    Max: 6648
    Min: 6564
    AvgTime: 43.7933358192
    Desv: 32.6527181104
##### 70% #####
    Mean: 6629
    Max: 6648
    Min: 6564
    AvgTime: 34.116893816
    Desv: 32.74751899
##### CompetitiveTabu #####
    Mean: 6644
    Max: 6647
    Min: 6640
    AvgTime: 68.5625726223
    Desv: 2.683281573