##### Best #####
    Value: 3784
    Time: 46.5257520676
##### FirstBest #####
    Mean: 3805
    Max: 3815
    Min: 3786
    AvgTime: 41.4259968281
    Desv: 9.95991967839
##### 70% #####
    Mean: 3805
    Max: 3815
    Min: 3786
    AvgTime: 25.3207138062
    Desv: 9.95991967839
##### CompetitiveTabu #####
    Mean: 3812
    Max: 3820
    Min: 3806
    AvgTime: 81.784010458
    Desv: 4.93963561409